num_of_variables = 10
max_degree = 4
num_of_constraints = 5
===============================================
min_value_variable = 0.1
max_value_variable = 25
min_sol_per_pop = 5
max_sol_per_pop = 100
pop_increase = 20
num_generations = 100
===============================================
#equation_inputs
7,0,0,0
1,0,0,0
1,0,0,0
4,0,0,0
1,0,0,0
2,0,0,0
8,-1,1,0
3,0,0,0
-3,1,0,0
30,-17,0,10
===============================================
#constraints
1,1,1,1,0,0,0,0,0,0
0,0,0,0,1,1,0,0,0,0
0,0,0,0,0,0,1,1,0,0
0,0,0,0,0,0,0,0,1,1
1,1,1,1,1,1,1,1,1,1
===============================================
#condition
10,3,50,70,200